40 50
00000000000000000000000000000000000000000000000000
00000000000000000000000000000000000000000000000000
00000000000000000000000000000000000000000000000000
00000000000000000000000000000000000000000000000000
00000000000000000000000000000000000000000000000000
00000000000000000000000000000000000000000000000000
00000000000000000000000000000000000000000000000000
00000000000000000000000000000000000000000000000000
00000000000000000000000000000000000000000000000000
00000000000000000000000000000000000000000000000000
00000000000000000000000000000000000000000000000000
00000000000000000000011100000000000000000000000000
00000000000000000000001000000000000000000000000000
00000000000000000000001000000000000000000000000000
00000000000000000000011100000000000000000000000000
00000000000000000000000000000000000000000000000000
00000000000000000000011100000000000000000000000000
00000000000000000000011100000000000000000000000000
00000000000000000000000000000000000000000000000000
00000000000000000000011100000000000000000000000000
00000000000000000000001000000000000000000000000000
00000000000000000000001000000000000000000000000000
00000000000000000000011100000000000000000000000000
00000000000000000000000000000000000000000000000000
00000000000000000000000000000000000000000000000000
00000000000000000000000000000000000000000000000000
00000000000000000000000000000000000000000000000000
00000000000000000000000000000000000000000000000000
00000000000000000000000000000000000000000000000000
00000000000000000000000000000000000000000000000000
00000000000000000000000000000000000000000000000000
00000000000000000000000000000000000000000000000000
00000000000000000000000000000000000000000000000000
00000000000001111111111000000000000000000000000000
00000000000000000000000000000000000000000000000000
00000000000000000000000000000000000000000000000000
00000000000000000000000000000000000000000000000000
00000000000000000011100000000000000000000000000000
00000000000000000100100000000000000000000000000000
00000000000000000000000000000000000000000000000000
