Auth: William Jarboe
Ver: 1.0 10/14/18
2143 - OOP 


00000000000000000000000110000000000000000
00000000000000000000000110000000000000000
00000000000000000000000000000000000000000
00000000000000000000000000000000000000000
00000000000000000000000000000000000000000
00000000000000000000000000000000000000000
00000000000000000000000000000000000000000
00000000000000000000000000000000000000000
00000000000000000000000000000000000000000
00000000000000000000000000000000000000000
00000000000000000000000000000000000000000
00000000000000000000000000000000000000000
00000000000000000000011100000000000000000
00000000000000000000100010000000000000000
00000000000000000001000001000000000000000
00000000000000000000000000000000000000000
00000000000000000010000000100000000000000
00000000000000000010000000100000000000000
00000000000000000000000000000000000000000
00000000000000000001000001000000000000000
00000000000000000000100010000000000000000
00000000000000000000011100000000000000000
00000000000000000000000000000000000000000
00000000000000000000000000000000000000000
00000000000000000000000000000000000000000
00000000000000000000000000000000000000000
00000000000000000000000000000000000000000
00000000000000000000000000000000000000001
00000000000000000000000000000000000000010
00000000000000000000000000000011000000001
00000000000000000000000000000011000000000
00000000000000000000000000000000000000000
00000000000000000000000000000000000000000
00000000000000000000000000000000000000000
00000000000000000000000000000000000000000
00000000000000000000000000000000000000000
00000000000000000000000000000000000000000
00000000000000000110000000000000000000000
00000000000000000110000000000000000000000
00000000000000000000000011000000000000000
00000000000000000000000011000000000000000
00000000000000000000000000000000000000000
00000000000000000000000000000000000000000
00000000000000000000000000000000000000000
00000000000000000000000000000000000000000
00000000000000000000000000000000000000000
00000000000000000000000000000000000000000
00000000000000000000000000000000000000000
00000000000000000000000000000000000000000
00000000000000000000000000000000000000000
00000000000000000000000000000000000000000
